2369631
2369632
2369633
2369634
2369635
2369636
2369637
2369638
2369639
2369640
2369641
2369730
2369731
2369732
2369733
2369735
2369736
2369739
2369743
2369744
2369745
2369748
2369750
2369760
2369762
2369763
2369764
2369765
2369768
2369777
2369778
2369785
2369787
2369790
2369791
2369792
2369793
2369797
2369803
2369804
2369807
2369808
2369810
2369816
2369819
2369823
2369824
2369827
2369829
2369830
2369831
2369832
2369833
2369834
2369835
2369836
2369837
2369838
2369842
2369930
2369931
2369935
2369936
2369937
2369940
2369942
2369948
2369957
2369958
2369962
2369966
2369969
2369978
2369979
2369980
2369983
2369991
2369993
2370003
2370005
2370008
2370009
2370023
2370027
2370034
2370037
2370134
2370135
2370136
2370138
2370141
2370144
2370146
2370147
2370148
2370155
2370156
2370157
2370158
2370160
2370161
2370162
2370163
2370164
2370165
2370166
2370167
2370168
2370169
2370170
2370171
2370172
2370173
2370174
2370175
2370231
2370234
2370235
2370236
2370237
2370238
2370430
2370431
2370432
2370438
2370439
2370441
2370442
2370443
2370451
2370452
2370453
2370455
2370457
2370460
2370476
2370489
2370510
2370528
2370535
2370542
2370547
2370549
2370550
2370551
2370553
2370554
2370555
2370556
2370557
2370558
2370559
2370561
2370564
2370569
2370570
2370575
2370576
2370591
2370592
2370596
2370603
2370611
2370618
2370621
2370624
2370630
2370637
2370638
2370641
2370644
2370645
2370646
2370651
2370653
2370659
2370660
2370662
2370664
2370674
2370675
2370681
2370684
2370686
2370687
2370701
2370702
2370704
2370705
2370706
2370707
2370708
2370709
2370710
2370711
2370712
2370713
2370714
2370715
2370717
2370720
2370721
2370730
2370732
2370734
2370738
2370743
2370750
2370756
2370758
2370764
2370768
2370769
2370770
2370777
2370778
2370782
2370788
2370798
2370803
2370811
2370812
2370813
2370814
2370815
2370845
2370846
2370852
2370853
2370858
2370863
2370867
2370868
2370870
2370871
2370872
2370875
2370876
2370878
2370879
2370880
2370881
2370885
2370886
2370887
2370888
2370889
2370893
2370900
2370901
2370902
2370903
2370904
2370910
2370911
2370912
2370913
2370914
2370935
2370936
2370937
2370939
2370942
2370943
2370955
2370956
2370960
2370961
2370965
2370972
2370973
2370974
2370975
2370976
2370977
2370986
2371007
2371008
2371009
2371010
2371011
2371018
2371024
2371027
2371029
2371030
2371031
2371032
2371035
2371036
2371037
2371038
2371039
2371040
2371041
2371042
2371043
2371044
2371045
2371046
2371047
2371048
2371049
2371050
2371051
2371052
2371053
2371054
2371055
2371056
2371057
2371058
2371059
2371060
2371061
2371062
2371063
2371064
2371065
2371066
2371067
2371068
2371069
2371072
2371076
2371078
2371079
2371097
2371098
2371125
2371126
2371138
2371139
2371172
2371231
2371232
2371233
2371234
2371235
2371240
2371242
2371243
2371244
2371245
2371246
2371247
2371249
2371250
2371251
2371253
2371254
2371255
2371256
2371260
2371261
2371262
2371263
2371267
2371270
2371273
2371275
2371278
2371288
2371335
2371336
2371337
2371338
2371339
2371345
2371346
2371348
2371349
2371351
2371354
2371372
2371373
2371376
2371377
2371379
2371388
2371392
2371395
2371397
2371398
2371400
2371401
2371403
2371408
2371410
2371417
2371418
2371419
2371420
2371422
2371425
2371426
2371427
2371429
2371430
2371433
2371440
2371441
2371446
2371451
2371459
2371467
2371475
2371476
2371478
2371480
2371484
2371485
2371486
2371487
2371499
2371507
2371510
2371511
2371521
2371548
2371556
2371561
2371562
2371568
2371569
2371584
2371586
2371602
2371611
2371612
2371618
2371624
2371625
2371627
2371630
2371631
2371632
2371634
2371635
2371637
2371638
2371639
2371640
2371641
2371642
2371643
2371644
2371645
2371646
2371647
2371648
2371649
2371650
2371651
2371655
2371657
2371658
2371659
2371660
2371661
2371662
2371664
2371665
2371666
2371667
2371668
2371672
2371674
2371677
2371678
2371680
2371681
2371682
2371684
2371685
2371686
2371687
2371688
2371689
2371690
2371691
2371693
2371694
2371696
2371697
2371699
2371700
2371701
2371702
2371703
2371704
2371705
2371706
2371707
2371709
2371710
2371711
2371712
2371713
2371714
2371715
2371716
2371717
2371718
2371719
2371720
2371721
2371722
2371723
2371724
2371725
2371726
2371727
2371728
2371729
2371730
2371731
2371732
2371733
2371734
2371735
2371736
2371737
2371738
2371739
2371740
2371741
2371742
2371743
2371744
2371745
2371746
2371747
2371748
2371749
2371750
2371751
2371752
2371753
2371755
2371756
2371758
2371759
2371760
2371761
2371762
2371763
2371764
2371765
2371766
2371767
2371768
2371769
2371770
2371771
2371772
2371773
2371774
2371775
2371776
2371777
2371778
2371779
2371780
2371781
2371783
2371784
2371787
2371788
2371789
2371790
2371791
2371793
2371794
2371796
2371797
2371798
2371799
2371800
2371802
2371803
2371805
2371807
2371809
2371810
2371811
2371812
2371830
2371831
2371835
2371836
2371850
2371872
2371873
2371874
2371881
2371882
2371883
2371886
2371892
2371893
2371898
2371899
2371903
2371908
2371909
2371910
2371911
2371912
2371914
2371916
2371917
2371921
2371922
2371926
2371927
2371933
2371934
2371943
2371946
2371949
2371950
2371954
2371956
2371957
2371958
2371960
2371964
2371965
2371967
2371973
2371978
2371979
2371986
2371988
2371990
2371992
2371994
2371996
2371998
2372000
2372001
2372002
2372003
2372004
2372012
2372013
2372014
2372023
2372025
2372026
2372027
2372029
2372033
2372034
2372038
2372042
2372054
2372065
2372066
2372069
2372070
2372074
2372077
2372080
2372082
2372083
2372084
2372087
2372088
2372130
2372132
2372133
2372142
2372146
2372154
2372157
2372158
2372163
2372164
2372165
2372166
2372175
2372183
2372185
2372191
2372192
2372198
2372199
2372201
2372202
2372203
2372204
2372207
2372208
2372209
2372210
2372212
2372213
2372214
2372215
2372217
2372219
2372220
2372221
2372222
2372224
2372226
2372227
2372228
2372229
2372230
2372231
2372232
2372233
2372235
2372236
2372237
2372242
2372244
2372245
2372246
2372247
2372250
2372251
2372255
2372256
2372257
2372258
2372259
2372268
2372272
2372273
2372275
2372279
2372286
2372289
2372291
2372294
2372297
2372298
2372304
2372309
2372312
2372313
2372317
2372318
2372337
2372341
2372344
2372347
2372348
2372349
2372350
2372351
2372355
2372356
2372357
2372358
2372359
2372360
2372368
2372377
2372381
2372384
2372431
2372435
2372436
2372437
2372438
2372439
2372440
2372447
2372448
2372449
2372450
2372451
2372452
2372453
2372454
2372532
2372535
2372536
2372548
2372557
2372566
2372567
2372568
2372582
2372583
2372589
2372590
2372591
2372592
2372593
2372596
2372597
2372602
2372603
2372611
2372615
2372619
2372620
2372621
2372642
2372649
2372653
2372656
2372658
2372659
2372660
2372661
2372663
2372664
2372665
2372666
2372667
2372668
2372669
2372670
2372671
2372672
2372673
2372674
2372675
2372676
2372678
2372679
2372680
2372681
2372682
2372686
2372687
2372688
2372689
2372690
2372691
2372692
2372693
2372694
2372695
2372696
2372697
2372698
2372701
2372702
2372703
2372705
2372708
2372709
2372713
2372714
2372718
2372719
2372730
2372734
2372735
2372740
2372744
2372751
2372754
2372760
2372765
2372768
2372771
2372772
2372773
2372774
2372776
2372777
2372784
2372786
2372794
2372795
2372823
2372825
2372827
2372829
2372833
2372839
2372840
2372846
2372847
2372849
2372852
2372858
2372859
2372860
2372861
2372869
2372871
2372873
2372877
2372878
2372880
2372881
2372884
2372885
2372887
2372888
2372893
2372899
2372901
2372907
2372909
2372910
2372911
2372915
2372916
2372917
2372918
2372919
2372920
2372957
2372958
2372959
2372961
2372964
2372965
2372966
2372967
2372968
2372970
2372971
2372972
2372973
2372974
2372975
2372976
2372977
2372978
2372979
2372980
2372984
2372986
2372987
2373000
2373001
2373002
2373005
2373006
2373008
2373009
2373012
2373015
2373016
2373017
2373018
2373019
2373020
2373021
2373022
2373023
2373025
2373029
2373032
2373034
2373036
2373038
2373040
2373044
2373046
2373049
2373051
2373054
2373056
2373058
2373060
2373062
2373065
2373066
2373069
2373071
2373075
2373079
2373081
2373083
2373085
2373093
2373095
2373097
2373099
2373100
2373113
2373114
2373115
2373118
2373121
2373130
2373132
2373144
2373149
2373150
2373151
2373152
2373162
2373164
2373170
2373173
2373174
2373176
2373183
2373184
2373195
2373199
2373225
2373226
2373227
2373234
2373235
2373236
2373237
2373238
2373239
2373249
2373253
2373255
2373261
2373262
2373264
2373265
2373269
2373276
2373277
2373278
2373279
2373280
2373282
2373283
2373284
2373296
2373298
2373299
2373300
2373304
2373305
2373309
2373310
2373311
2373312
2373313
2373314
2373318
2373320
2373322
2373323
2373327
2373329
2373330
2373331
2373348
2373349
2373352
2373355
2373361
2373362
2373363
2373364
2373365
2373374
2373387
2373390
2373391
2373393
2373394
2373395
2373396
2373401
2373402
2373404
2373406
2373426
2373427
2373429
2373431
2373433
2373436
2373437
2373438
2373439
2373440
2373441
2373442
2373443
2373444
2373445
2373446
2373447
2373448
2373449
2373450
2373451
2373452
2373453
2373454
2373455
2373456
2373457
2373458
2373459
2373460
2373464
2373466
2373530
2373531
2373539
2373542
2373544
2373549
2373558
2373564
2373572
2373573
2373585
2373592
2373594
2373596
2373598
2373602
2373604
2373611
2373619
2373623
2373626
2373627
2373628
2373629
2373630
2373635
2373641
2373647
2373648
2373649
2373650
2373651
2373652
2373666
2373667
2373688
2373689
2373699
2373703
2373711
2373721
2373729
2373730
2373735
2373736
2373737
2373739
2373742
2373747
2373750
2373754
2373830
2373932
2373936
2373937
2373938
2373939
2373940
2373941
2373942
2373947
2373948
2373950
2373951
2373952
2373953
2373954
2373955
2373956
2373957
2373958
2373959
2373960
2373961
2373962
2373963
2373964
2373965
2373966
2373967
2374030
2374034
2374052
2374053
2374054
2374055
2374059
2374062
2374064
2374066
2374088
2374089
2374104
2374144
2374146
2374147
2374182
2374191
2374192
2374203
2374204
2374205
2374207
2374219
2374220
2374224
2374240
2374252
2374253
2374254
2374255
2374256
2374257
2374258
2374259
2374260
2374261
2374262
2374263
2374264
2374265
2374266
2374267
2374268
2374273
2374274
2374276
2374278
2374280
2374282
2374284
2374286
2374291
2374292
2374297
2374299
2374300
2374305
2374306
2374313
2374321
2374324
2374326
2374329
2374330
2374331
2374332
2374334
2374335
2374336
2374337
2374338
2374339
2374340
2374341
2374342
2374343
2374344
2374345
2374346
2374347
2374348
2374349
2374350
2374351
2374352
2374353
2374354
2374355
2374356
2374357
2374358
2374359
2374360
2374361
2374362
2374363
2374364
2374365
2374366
2374367
2374368
2374369
2374370
2374371
2374372
2374373
2374374
2374381
2374430
2374453
2374455
2374460
2374463
2374464
2374465
2374466
2374469
2374474
2374475
2374477
2374478
2374488
2374494
2374497
2374499
2374509
2374511
2374516
2374525
2374530
2374533
2374547
2374548
2374549
2374550
2374551
2374552
2374553
2374554
2374555
2374556
2374557
2374558
2374559
2374560
2374561
2374562
2374563
2374564
2374565
2374566
2374567
2374568
2374571
2374572
2374573
2374576
2374579
2374580
2374581
2374582
2374584
2374585
2374630
2374631
2374638
2374642
2374646
2374648
2374649
2374652
2374655
2374657
2374658
2374659
2374665
2374666
2374667
2374668
2374674
2374676
2374679
2374681
2374689
2374707
2374710
2374711
2374716
2374724
2374725
2374726
2374727
2374728
2374729
2374730
2374731
2374732
2374733
2374734
2374735
2374736
2374737
2374738
2374739
2374740
2374741
2374742
2374830
2374831
2374832
2374833
2374834
2374837
2374840
2374841
2374846
2374847
2374853
2374861
2374863
2374864
2374868
2374873
2374883
2374887
2374895
2374898
2374899
2374901
2374902
2374903
2374905
2374906
2374911
2374913
2374914
2374915
2374916
2374917
2374918
2374919
2374921
2374928
2374929
2374931
2374932
2374933
2374934
2374935
2374936
2374940
2374941
2374946
2374948
2374949
2374950
2374952
2374954
2374957
2374958
2374959
2374965
2374984
2374994
2374995
2375000
2375030
2375031
2375032
2375033
2375034
2375037
2375038
2375039
2375040
2375041
2375042
2375043
2375044
2375045
2375046
2375047
2375048
2375049
2375053
2375130
2375131
2375132
2375133
2375134
2375135
2375136
2375137
2375138
2375139
2375140
2375141
2375142
2375143
2375144
2375145
2375146
2375147
2375148
2375149
2375150
2375151
2375155
2375159
2375161
2375163
2375167
2375171
2375173
2375184
2375196
2375205
2375216
2375219
2375220
2375226
2375231
2375242
2375243
2375244
2375252
2375258
2375259
2375260
2375267
2375268
2375270
2375277
2375278
2375289
2375295
2375298
2375302
2375303
2375304
2375305
2375307
2375308
2375314
2375315
2375318
2375319
2375320
2375321
2375322
2375323
2375324
2375325
2375326
2375327
2375328
2375329
2375330
2375331
2375332
2375333
2375334
2375335
2375336
2375337
2375338
2375432
2375433
2375434
2375443
2375449
2375463
2375466
2375468
2375483
2375484
2375497
2375498
2375507
2375508
2375511
2375513
2375517
2375518
2375519
2375520
2375521
2375522
2375523
2375524
2375525
2375526
2375527
2375528
2375529
2375530
2375531
2375532
2375533
2375535
2375536
2375538
2375539
2375540
2375541
2375542
2375543
2375544
2375546
2375550
2375551
2375554
2375555
2375556
2375557
2375558
2375559
2375560
2375561
2375562
2375563
2375564
2375565
2375567
2375568
2375569
2375570
2375571
2375572
2375573
2375574
2375575
2375630
2375631
2375632
2375637
2375638
2375641
2375644
2375645
2375649
2375650
2375653
2375654
2375661
2375663
2375673
2375682
2375686
2375689
2375690
2375692
2375695
2375697
2375698
2375699
2375703
2375705
2375706
2375707
2375708
2375709
2375710
2375711
2375712
2375713
2375714
2375715
2375716
2375717
2375718
2375719
2375720
2375721
2375722
2375725
2375726
2375727
2375728
2375729
2375731
2375732
2375733
2375736
2375737
2375746
2375748
2375750
2375761
2375762
2375767
2375770
2375771
2375772
2375780
2375781
2375788
2375790
2375792
2375794
2375815
2375816
2375817
2375818
2375819
2375820
2375821
2375822
2375823
2375828
2375829
2375830
2375832
2375833
2375836
2375837
2375838
2375839
2375844
2375846
2375848
2375849
2375852
2375858
2375873
2375874
2375892
2375893
2375900
2375902
2375905
2375912
2375913
2375914
2375915
2375916
2375917
2375920
2375921
2375922
2375923
2375930
2375931
2375933
2375934
2376231
2376232
2376235
2376236
2376237
2376238
2376239
2376240
2376241
2376242
2376245
2376247
2376248
2376249
2376250
2376251
2376275
2376276
2376277
2376278
2376280
2376281
2376288
2376289
2376305
2376308
2376314
2376315
2376316
2376318
2376319
2376324
2376325
2376330
2376346
2376349
2376350
2376351
2376356
2376362
2376435
2376457
2376468
2376473
2376475
2376477
2376478
2376482
2376484
2376494
2376495
2376500
2376502
2376503
2376525
2376538
2376539
2376540
2376545
2376554
2376564
2376565
2376569
2376589
2376593
2376595
2376596
2376597
2376604
2376605
2376606
2376610
2376611
2376616
2376621
2376623
2376624
2376632
2376633
2376634
2376635
2376636
2376639
2376640
2376644
2376654
2376655
2376656
2376663
2376666
2376678
2376681
2376730
2376830
2376832
2376833
2376834
2376835
2376836
2376838
2376839
2376930
2376931
2376932
2376933
2376934
2376935
2376936
2376937
2376938
2376939
2376940
2376941
2376942
2376943
2376944
2377030
2377031
2377130
2377131
2377132
2377133
2377134
2377230
2377231
2377232
2377233
2377330
2377331
2377332
2377333
2377334
2377335
2377336
2377337
2377338
2377339
2377340
2377341
2377342
2377343
2377344
2377345
2377346
2377347
2377348
2377349
2377350
2377351
2377352
2377353
2377354
2377355
2377356
2377357
2377358
2377359
2377360
2377361
2377362
2377363
2377364
2377365
2377366
2377367
2377368
2377369
2377370
2377371
2377372
2377373
2377374
2377375
2377376
2377377
2377378
2377379
2377380
2377381
2377382
2377383
2377384
2377385
2377386
2377387
2377430
2377431
2377432
2377433
2377434
2377435
2377530
2377630
2377632
2377633
2377634
2377635
2377636
2377637
2377638
2377639
2377641
2377642
2377644
2377646
2377648
2377652
2377653
2377659
2377661
2377669
2377677
2377679
2377683
2377690
2377691
2377695
2377696
2377701
2377703
2377704
2377706
2377730
2377930
2378030
2378230
2378231
2378232
2378233
2378330
2378431
2378630
2378631
2378632
2378633
2378634
2378635
2378638
2378639
2378641
2378653
2378654
2378657
2378659
2378666
2378674
2378709
2378710
2378711
2378712
2378714
2378725
2378727
2378732
2378733
2378735
2378738
2378750
2378751
2378753
2378755
2378759
2378760
2378761
2378762
2378763
2378765
2378768
2378770
2378771
2378772
2378774
2378776
2378778
2378782
2378783
2378785
2378789
2378793
2378794
2378796
2378799
2378832
2378833
2378834
2378835
2378836
2378838
2378839
2378840
2378841
2378842
2378930
2379030
2379031
2379032
2379033
2379130
2379230
2379330
2379331
2379332
2379430
2379432
2379433
2379434
2379530
2379531
2379630
2379631
2379632
2379633
2379634
2379635
2379636
2379637
2379638
2379639
2379640
2379730
2379731
2379732
2379733
2379734
2379735
2379736
2379737
2379830
2379936
2380130
2380131
2380138
2380142
2380145
2380146
2380147
2380149
2380153
2380157
2380174
2380180
2380185
2380186
2380187
2380188
2380189
2380191
2380193
2380200
2380203
2380204
2380217
2380230
2380231
2380232
2380233
2380234
2380235
2380236
2380240
2380248
2380249
2380250
2380251
2380252
2380253
2380254
2380255
2380256
2380257
2380258
2380259
2380260
2380261
2380262
2380265
2380266
2380267
2380268
2380276
2380278
2380280
2380293
2380295
2380302
2380304
2380305
2380306
2380307
2380308
2380309
2380313
2380314
2380319
2380320
2380321
2380322
2380323
2380324
2380325
2380326
2380327
2380328
2380329
2380330
2380331
2380332
2380333
2380334
2380335
2380336
2380338
2380339
2380341
2380342
2380343
2380344
2380346
2380347
2380349
2380350
2380351
2380352
2380354
2380356
2380357
2380358
2380359
2380361
2380362
2380364
2380366
2380367
2380368
2380370
2380371
2380373
2380374
2380375
2380376
2380431
2380432
2380448
2380452
2380453
2380454
2380455
2380456
2380457
2380458
2380469
2380487
2380495
2380502
2380503
2380504
2380505
2380506
2380507
2380508
2380512
2380513
2380519
2380521
2380526
2380527
2380528
2380536
2380537
2380538
2380540
2380542
2380543
2380544
2380548
2380549
2380550
2380551
2380552
2380553
2380554
2380555
2380556
2380557
2380558
2380559
2380560
2380561
2380562
2380563
2380564
2380565
2380566
2380567
2380568
2380569
2380570
2380571
2380572
2380573
2380574
2380575
2380576
2380577
2380578
2380579
2380580
2380581
2380582
2380583
2380584
2380585
2380586
2380587
2380588
2380589
2380590
2380591
2380592
2380593
2380594
2380595
2380596
2380597
2380598
2380599
2380600
2380601
2380602
2380603
2380604
2380605
2380606
2380607
2380608
2380609
2380610
2380611
2380612
2380613
2380614
2380615
2380616
2380617
2380633
2380634
2380635
2380637
2380638
2380639
2380640
2380641
2380642
2380643
2380646
2380648
2380651
2380657
2380668
2380669
2380670
2380671
2380672
2380673
2380681
2380682
2380687
2380693
2380702
2380704
2380712
2380716
2380717
2380718
2380719
2380724
2380730
2380732
2380734
2380737
2380738
2380748
2380752
2380754
2380755
2380756
2380757
2380763
2380766
2380768
2380769
2380770
2380771
2380772
2380830
2380831
2380832
2380833
2380834
2380835
2380836
2380837
2380838
2380839
2380840
2380841
2380842
2380843
2380844
2380845
2380846
2380847
2380848
2380849
2380850
2380851
2380852
2380853
2380854
2380855
2380856
2380857
2380858
2380859
2380860
2380861
2380862
2380863
2380864
2380865
2380866
2380867
2380868
2380869
2380870
2380871
2380872
2380874
2380875
2380876
2380877
2380878
2380879
2380880
2380881
2380882
2380883
2380884
2380891
2380892
2380899
2380904
2380920
2380921
2380922
2380927
2380929
2380934
2380938
2380941
2380948
2380949
2380950
2380951
2380952
2380967
2380974
2380975
2381130
2381131
2381132
2381133
2381134
2381135
2381136
2381137
2381138
2381139
2381140
2381141
2381142
2381143
2381144
2381145
2381146
2381147
2381148
2381149
2381150
2381151
2381152
2381635
2381730
2381731
2381732
2381733
2381734
2381735
2381736
2381737
2381738
2381830
2381831
2381832
2381833
2381834
2381835
2381845
2381850
2381852
2381853
2381859
2381863
2381865
2381868
2381875
2381877
2381878
2381880
2381883
2381884
2381885
2381887
2381891
2381894
2381898
2381904
2381905
2381906
2381907
2381908
2381917
2381921
2381940
2381944
2381945
2381950
2381951
2381952
2381959
2381961
2381962
2381975
2381977
2381984
2381990
2381993
2382002
2382007
2382008
2382009
2382017
2382022
2382023
2382024
2382030
2382031
2382033
2382034
2382036
2382037
2382038
2382039
2382040
2382043
2382048
2382050
2382051
2382052
2382067
2382069
2382072
2382076
2382078
2382082
2382083
2382084
2382088
2382089
2382090
2382103
2382104
2382114
2382127
2382129
2382132
2382133
2382134
2382136
2382137
2382138
2382139
2382140
2382141
2382145
2382146
2382147
2382148
2382149
2382150
2382151
2382230
2382231
2382232
2382248
2382249
2382250
2382253
2382254
2382255
2382261
2382286
2382288
2382302
2382303
2382306
2382308
2382309
2382317
2382331
2382343
2382344
2382361
2382430
2382431
2382433
2382434
2382435
2382436
2382437
2382438
2382439
2382440
2382441
2382516
2382517
2382518
2382520
2382521
2382522
2382523
2382524
2382525
2382526
2382527
2382537
2382538
2382539
2382541
2382542
2382543
2382544
2382545
2382547
2382548
2382549
2382550
2382551
2382553
2382562
2382564
2382565
2382566
2382567
2382568
2382570
2382571
2382581
2382583
2382585
2382586
2382587
2382588
2382589
2382590
2382591
2382592
2382593
2382594
2382595
2382596
2382597
2382598
2382599
2382600
2382601
2382602
2382603
2382604
2382605
2382606
2382607
2382608
2382609
2382610
2382611
2382613
2382614
2382621
2382622
2382623
2382624
2382625
2382626
2382627
2382628
2382629
2382630
2382631
2382632
2382633
2382634
2382635
2382636
2382637
2382638
2382639
2382640
2382641
2382642
2382643
2382644
2382645
2382646
2382647
2382648
2382649
2382650
2382651
2382652
2382653
2382654
2382655
2382656
2382657
2382658
2382659
2382730
2382731
2382732
2382773
2382774
2382781
2382785
2382787
2382788
2382792
2382794
2382799
2382810
2382811
2382814
2382815
2382816
2382817
2382818
2382819
2382820
2382821
2382822
2382823
2382824
2382825
2382826
2382828
2382829
2382830
2382831
2382832
2382833
2382834
2382835
2382836
2382837
2382838
2382839
2382842
2382843
2382844
2382845
2382846
2382847
2382848
2382849
2382851
2382852
2382853
2382854
2382856
2382857
2382858
2382859
2382860
2382861
2382862
2382863
2382864
2382865
2382866
2382867
2382868
2382869
2382870
2382871
2382872
2382873
2382874
2382875
2382876
2382877
2382878
2382879
2382880
2382883
2382896
2382897
2382898
2382899
2382900
2382901
2382909
2382910
2382916
2382917
2382918
2382920
2382922
2382923
2382924
2382925
2382926
2382927
2382928
2382929
2382930
2382931
2382932
2382933
2382934
2382935
2382936
2382938
2382939
2382940
2382941
2382942
2382943
2382944
2382945
2382946
2382947
2382948
2382949
2382950
2382951
2382952
2382962
2382965
2382966
2382973
2382974
2382982
2382983
2382989
2382990
2382991
2382992
2382993
2382994
2382995
2382996
2382997
2382998
2382999
2383002
2383003
2383004
2383007
2383008
2383009
2383010
2383011
2383012
2383013
2383014
2383015
2383016
2383017
2383019
2383020
2383021
2383022
2383024
2383025
2383026
2383028
2383030
2383032
2383034
2383036
2383037
2383038
2383039
2383040
2383041
2383042
2383043
2383044
2383045
2383047
2383049
2383050
2383051
2383054
2383055
2383056
2383057
2383058
2383059
2383060
2383061
2383062
2383130
2383131
2383132
2383133
2383134
2383135
2383136
2383137
2383138
2383139
2383140
2383142
2383143
2383144
2383146
2383147
2383148
2383154
2383158
2383159
2383161
2383162
2383163
2383166
2383168
2383169
2383170
2383172
2383173
2383175
2383176
2383177
2383180
2383183
2383189
2383190
2383191
2383192
2383193
2383198
2383199
2383200
2383201
2383202
2383203
2383204
2383205
2383214
2383219
2383223
2383225
2383226
2383227
2383231
2383232
2383235
2383236
2383245
2383259
2383262
2383275
2383277
2383278
2383289
2383291
2383293
2383294
2383296
2383300
2383301
2383302
2383303
2383305
2383306
2383307
2383308
2383309
2383310
2383311
2383312
2383330
2383331
2383332
2383333
2383334
2383335
2383336
2383337
2383338
2383339
2383340
2383341
2383342
2383343
2383344
2383345
2383346
2383347
2383348
2383350
2383351
2383352
2383353
2383354
2383355
2383356
2383430
2383431
2383432
2383433
2383434
2383435
2383436
2383438
2383439
2383442
2383458
2383459
2383460
2383461
2383469
2383472
2383473
2383477
2383484
2383496
2383497
2383499
2383504
2383506
2383515
2383521
2383526
2383527
2383529
2383531
2383532
2383533
2383534
2383535
2383536
2383537
2383538
2383539
2383540
2383541
2383542
2383543
2383544
2383545
2383546
2383547
2383548
2383549
2383550
2383551
2383552
2383553
2383554
2383555
2383556
2383557
2383558
2383559
2383560
2383561
2383563
2383564
2383565
2383566
2383567
2383568
2383569
2383571
2383586
2383591
2383608
2383609
2383615
2383622
2383626
2383627
2383628
2383629
2383637
2383638
2383639
2383650
2383659
2383661
2383667
2383668
2383669
2383672
2383673
2383674
2383675
2383676
2383677
2383678
2383682
2383684
2383693
2383694
2383703
2383830
2383831
2383930
2383931
2383932
2383933
2383934
2383935
2383936
2383937
2383938
2383939
2383940
2383941
2383942
2383943
2383944
2383945
2383946
2383947
2383948
2383949
2383950
2383951
2383952
2383953
2383955
2383956
2383957
2384030
2384130
2384131
2384132
2384133
2384134
2384135
2384136
2384137
2384138
2384230
2384231
2384232
2384233
2384331
2384333
2384341
2384342
2384355
2384356
2384363
2384364
2384370
2384382
2384384
2384391
2384396
2384400
2384403
2384404
2384405
2384412
2384422
2384423
2384425
2384435
2384439
2384440
2384441
2384442
2384443
2384444
2384445
2384446
2384447
2384448
2384449
2384450
2384451
2384452
2384453
2384454
2384455
2384456
2384457
2384458
2384459
2384460
2384461
2384462
2384463
2384464
2384465
2384466
2384469
2384533
2384536
2384538
2384542
2384548
2384562
2384565
2384566
2384568
2384570
2384572
2384575
2384627
2384630
2384632
2384633
2384730
2384742
2384755
2384760
2384761
2384764
2384765
2384770
2384774
2384778
2384779
2384781
2384782
2384783
2384784
2384830
2384931
2385030
2385031
2385033
2385034
2385035
2385044
2385048
2385050
2385052
2385054
2385066
2385067
2385068
2385085
2385086
2385089
2385092
2385100
2385101
2385102
2385104
2385105
2385106
2385107
2385108
2385109
2385112
2385114
2385115
2385117
2385118
2385119
2385121
2385122
2385124
2385125
2385126
2385127
2385128
2385129
2385130
2385131
2385132
2385134
2385136
2385137
2385138
2385139
2385140
2385141
2385142
2385143
2385144
2385145
2385146
2385148
2385150
2385151
2385152
2385153
2385154
2385155
2385158
2385159
2385164
2385166
2385167
2385168
2385169
2385170
2385171
2385172
2385173
2385174
2385175
2385180
2385186
2385187
2385330
2385331
2385335
2385336
2385337
2385338
2385339
2385340
2385341
2385342
2385343
2385344
2385345
2385346
2385347
2385348
2385349
2385350
2385351
2385352
2385353
2385431
2385432
2385531